0001_0366_0040_0220_0190.jpg 1 366 40 220 190
0002_0054_0330_0107_0093.jpg 1 54 330 107 93
0003_0143_0309_0129_0112.jpg 1 143 309 129 112
0004_0318_0338_0105_0091.jpg 1 318 338 105 91
0005_0115_0138_0370_0321.jpg 1 115 138 370 321
0006_0095_0172_0329_0285.jpg 1 95 172 329 285
0007_0169_0115_0374_0324.jpg 1 169 115 374 324
0008_0164_0078_0112_0097.jpg 1 164 78 112 97
0009_0318_0116_0146_0126.jpg 1 318 116 146 126
0010_0053_0100_0370_0320.jpg 1 53 100 370 320
0011_0060_0231_0247_0214.jpg 1 60 231 247 214
0012_0268_0095_0329_0285.jpg 1 268 95 329 285
0013_0054_0119_0351_0304.jpg 1 54 119 351 304
0014_0259_0082_0237_0205.jpg 1 259 82 237 205
0015_0306_0231_0207_0179.jpg 1 306 231 207 179
0016_0359_0059_0055_0047.jpg 1 359 59 55 47
0017_0090_0243_0084_0072.jpg 1 90 243 84 72
0018_0089_0114_0366_0317.jpg 1 89 114 366 317
0019_0208_0161_0288_0249.jpg 1 208 161 288 249
0020_0135_0209_0087_0075.jpg 1 135 209 87 75
0021_0275_0267_0107_0093.jpg 1 275 267 107 93
0022_0186_0203_0248_0215.jpg 1 186 203 248 215
0023_0236_0053_0328_0284.jpg 1 236 53 328 284
0024_0106_0135_0257_0222.jpg 1 106 135 257 222
0025_0143_0302_0134_0116.jpg 1 143 302 134 116
0026_0283_0342_0100_0087.jpg 1 283 342 100 87
0027_0290_0035_0154_0133.jpg 1 290 35 154 133
0028_0118_0119_0376_0326.jpg 1 118 119 376 326
0029_0181_0122_0308_0267.jpg 1 181 122 308 267
0030_0166_0127_0298_0258.jpg 1 166 127 298 258
0031_0461_0275_0058_0050.jpg 1 461 275 58 50
0032_0031_0044_0386_0335.jpg 1 31 44 386 335
0033_0353_0104_0220_0191.jpg 1 353 104 220 191
0034_0232_0073_0185_0160.jpg 1 232 73 185 160
0035_0203_0106_0345_0299.jpg 1 203 106 345 299
0036_0171_0194_0119_0103.jpg 1 171 194 119 103
0037_0219_0166_0152_0132.jpg 1 219 166 152 132
0038_0544_0322_0027_0024.jpg 1 544 322 27 24
0039_0177_0095_0091_0078.jpg 1 177 95 91 78
0040_0216_0115_0306_0265.jpg 1 216 115 306 265
0041_0056_0175_0289_0250.jpg 1 56 175 289 250
0042_0375_0090_0185_0160.jpg 1 375 90 185 160
0043_0146_0119_0277_0240.jpg 1 146 119 277 240
0044_0182_0061_0386_0334.jpg 1 182 61 386 334
0045_0260_0143_0199_0173.jpg 1 260 143 199 173
0046_0179_0197_0175_0152.jpg 1 179 197 175 152
0047_0077_0066_0377_0326.jpg 1 77 66 377 326
0048_0054_0097_0382_0331.jpg 1 54 97 382 331
0049_0245_0160_0129_0112.jpg 1 245 160 129 112
0050_0234_0381_0055_0047.jpg 1 234 381 55 47
0051_0324_0174_0241_0209.jpg 1 324 174 241 209
0052_0152_0117_0173_0150.jpg 1 152 117 173 150
0053_0311_0238_0188_0163.jpg 1 311 238 188 163
0054_0273_0044_0299_0259.jpg 1 273 44 299 259
0055_0147_0149_0342_0296.jpg 1 147 149 342 296
0056_0483_0158_0063_0055.jpg 1 483 158 63 55
0057_0258_0047_0207_0179.jpg 1 258 47 207 179
0058_0125_0096_0349_0303.jpg 1 125 96 349 303
0059_0231_0129_0065_0056.jpg 1 231 129 65 56
0060_0103_0103_0088_0076.jpg 1 103 103 88 76
0061_0051_0084_0320_0277.jpg 1 51 84 320 277
0062_0048_0113_0210_0182.jpg 1 48 113 210 182
0063_0304_0114_0217_0188.jpg 1 304 114 217 188
0064_0209_0034_0208_0180.jpg 1 209 34 208 180
0065_0109_0047_0220_0191.jpg 1 109 47 220 191
0066_0194_0324_0038_0033.jpg 1 194 324 38 33
0067_0383_0054_0152_0132.jpg 1 383 54 152 132
0068_0244_0151_0073_0063.jpg 1 244 151 73 63
0069_0211_0157_0305_0264.jpg 1 211 157 305 264
0070_0287_0057_0196_0170.jpg 1 287 57 196 170
0071_0490_0152_0090_0078.jpg 1 490 152 90 78
0072_0231_0138_0164_0142.jpg 1 231 138 164 142
0073_0147_0076_0314_0272.jpg 1 147 76 314 272
0074_0518_0300_0031_0027.jpg 1 518 300 31 27
0075_0332_0215_0259_0224.jpg 1 332 215 259 224
0076_0181_0206_0246_0213.jpg 1 181 206 246 213
0077_0210_0104_0077_0067.jpg 1 210 104 77 67
0078_0057_0045_0158_0137.jpg 1 57 45 158 137
0079_0340_0094_0192_0166.jpg 1 340 94 192 166
0080_0122_0071_0167_0145.jpg 1 122 71 167 145
0081_0121_0141_0253_0219.jpg 1 121 141 253 219
0082_0296_0135_0167_0145.jpg 1 296 135 167 145
0083_0332_0301_0086_0075.jpg 1 332 301 86 75
0084_0186_0092_0339_0294.jpg 1 186 92 339 294
0085_0097_0283_0172_0149.jpg 1 97 283 172 149
0086_0349_0362_0062_0053.jpg 1 349 362 62 53
0087_0499_0083_0041_0036.jpg 1 499 83 41 36
0088_0095_0051_0116_0101.jpg 1 95 51 116 101
0089_0117_0148_0172_0149.jpg 1 117 148 172 149
0090_0233_0057_0232_0201.jpg 1 233 57 232 201
0091_0244_0031_0215_0186.jpg 1 244 31 215 186
0092_0302_0111_0154_0134.jpg 1 302 111 154 134
0093_0187_0167_0019_0017.jpg 1 187 167 19 17
0094_0325_0140_0257_0223.jpg 1 325 140 257 223
0095_0191_0071_0126_0109.jpg 1 191 71 126 109
0096_0113_0082_0354_0307.jpg 1 113 82 354 307
0097_0108_0240_0216_0187.jpg 1 108 240 216 187
0098_0310_0208_0264_0228.jpg 1 310 208 264 228
0099_0059_0139_0367_0318.jpg 1 59 139 367 318
0100_0174_0110_0146_0127.jpg 1 174 110 146 127
0101_0044_0104_0366_0317.jpg 1 44 104 366 317
0102_0246_0320_0075_0065.jpg 1 246 320 75 65
0103_0143_0156_0333_0289.jpg 1 143 156 333 289
0104_0167_0154_0245_0212.jpg 1 167 154 245 212
0105_0306_0033_0188_0163.jpg 1 306 33 188 163
0106_0139_0110_0133_0115.jpg 1 139 110 133 115
0107_0245_0194_0205_0178.jpg 1 245 194 205 178
0108_0076_0087_0380_0329.jpg 1 76 87 380 329
0109_0240_0108_0292_0253.jpg 1 240 108 292 253
0110_0215_0057_0358_0311.jpg 1 215 57 358 311
0111_0210_0061_0359_0311.jpg 1 210 61 359 311
0112_0513_0207_0032_0028.jpg 1 513 207 32 28
0113_0449_0315_0117_0101.jpg 1 449 315 117 101
0114_0201_0139_0374_0324.jpg 1 201 139 374 324
0115_0512_0220_0026_0022.jpg 1 512 220 26 22
0116_0069_0386_0025_0021.jpg 1 69 386 25 21
0117_0104_0080_0028_0024.jpg 1 104 80 28 24
0118_0463_0046_0108_0093.jpg 1 463 46 108 93
0119_0149_0141_0320_0277.jpg 1 149 141 320 277
0120_0230_0204_0058_0050.jpg 1 230 204 58 50
0121_0052_0041_0336_0291.jpg 1 52 41 336 291
0122_0328_0193_0176_0152.jpg 1 328 193 176 152
0123_0395_0084_0138_0119.jpg 1 395 84 138 119
0124_0383_0114_0092_0080.jpg 1 383 114 92 80
0125_0145_0148_0357_0309.jpg 1 145 148 357 309
0126_0328_0099_0016_0014.jpg 1 328 99 16 14
0127_0318_0113_0217_0188.jpg 1 318 113 217 188
0128_0240_0053_0190_0165.jpg 1 240 53 190 165
0129_0147_0190_0251_0218.jpg 1 147 190 251 218
0130_0079_0061_0382_0331.jpg 1 79 61 382 331
0131_0265_0228_0032_0027.jpg 1 265 228 32 27
0132_0148_0243_0077_0067.jpg 1 148 243 77 67
0133_0042_0085_0373_0323.jpg 1 42 85 373 323
0134_0253_0033_0269_0233.jpg 1 253 33 269 233
0135_0091_0109_0363_0314.jpg 1 91 109 363 314
0136_0294_0173_0215_0187.jpg 1 294 173 215 187
0137_0105_0122_0080_0069.jpg 1 105 122 80 69
0138_0060_0109_0237_0206.jpg 1 60 109 237 206
0139_0113_0068_0031_0026.jpg 1 113 68 31 26
0140_0203_0229_0114_0099.jpg 1 203 229 114 99
0141_0106_0089_0321_0278.jpg 1 106 89 321 278
0142_0490_0097_0025_0022.jpg 1 490 97 25 22
0143_0119_0036_0303_0263.jpg 1 119 36 303 263
0144_0086_0087_0377_0327.jpg 1 86 87 377 327
0145_0323_0161_0215_0186.jpg 1 323 161 215 186
0146_0156_0288_0084_0073.jpg 1 156 288 84 73
0147_0232_0183_0276_0239.jpg 1 232 183 276 239
0148_0137_0098_0331_0287.jpg 1 137 98 331 287
0149_0243_0083_0247_0214.jpg 1 243 83 247 214
0150_0256_0117_0021_0018.jpg 1 256 117 21 18
0151_0385_0052_0138_0119.jpg 1 385 52 138 119
0152_0291_0196_0278_0241.jpg 1 291 196 278 241
0153_0382_0095_0149_0129.jpg 1 382 95 149 129
0154_0360_0090_0233_0201.jpg 1 360 90 233 201
0155_0076_0106_0238_0206.jpg 1 76 106 238 206
0156_0231_0051_0332_0288.jpg 1 231 51 332 288
0157_0223_0136_0090_0078.jpg 1 223 136 90 78
0158_0278_0210_0238_0206.jpg 1 278 210 238 206
0159_0323_0274_0194_0168.jpg 1 323 274 194 168
0160_0169_0047_0220_0191.jpg 1 169 47 220 191
0161_0035_0092_0340_0294.jpg 1 35 92 340 294
0162_0232_0031_0253_0219.jpg 1 232 31 253 219
0163_0229_0133_0380_0329.jpg 1 229 133 380 329
0164_0496_0402_0024_0020.jpg 1 496 402 24 20
0165_0133_0137_0338_0293.jpg 1 133 137 338 293
0166_0061_0340_0038_0033.jpg 1 61 340 38 33
0167_0149_0099_0291_0252.jpg 1 149 99 291 252
0168_0134_0086_0356_0308.jpg 1 134 86 356 308
0169_0045_0106_0279_0241.jpg 1 45 106 279 241
0170_0386_0197_0128_0111.jpg 1 386 197 128 111
0171_0136_0202_0101_0087.jpg 1 136 202 101 87
0172_0199_0183_0228_0197.jpg 1 199 183 228 197
0173_0391_0135_0178_0154.jpg 1 391 135 178 154
0174_0215_0070_0201_0174.jpg 1 215 70 201 174
0175_0230_0142_0228_0197.jpg 1 230 142 228 197
0176_0115_0228_0099_0086.jpg 1 115 228 99 86
0177_0333_0193_0267_0231.jpg 1 333 193 267 231
0178_0213_0207_0153_0132.jpg 1 213 207 153 132
0179_0237_0191_0117_0102.jpg 1 237 191 117 102
0180_0159_0141_0318_0276.jpg 1 159 141 318 276
0181_0368_0107_0225_0195.jpg 1 368 107 225 195
0182_0201_0051_0368_0319.jpg 1 201 51 368 319
0183_0368_0087_0134_0116.jpg 1 368 87 134 116
0184_0377_0042_0168_0146.jpg 1 377 42 168 146
0185_0034_0059_0328_0284.jpg 1 34 59 328 284
0186_0270_0054_0282_0244.jpg 1 270 54 282 244
0187_0333_0240_0207_0180.jpg 1 333 240 207 180
0188_0338_0050_0115_0100.jpg 1 338 50 115 100
0189_0447_0288_0126_0109.jpg 1 447 288 126 109
0190_0110_0198_0283_0245.jpg 1 110 198 283 245
0191_0121_0170_0186_0161.jpg 1 121 170 186 161
0192_0097_0044_0297_0257.jpg 1 97 44 297 257
0193_0211_0300_0125_0109.jpg 1 211 300 125 109
0194_0071_0135_0317_0275.jpg 1 71 135 317 275
0195_0438_0159_0074_0064.jpg 1 438 159 74 64
0196_0138_0114_0256_0222.jpg 1 138 114 256 222
0197_0135_0034_0263_0228.jpg 1 135 34 263 228
0198_0044_0035_0374_0324.jpg 1 44 35 374 324
0199_0299_0138_0058_0050.jpg 1 299 138 58 50
0200_0285_0198_0151_0131.jpg 1 285 198 151 131
0201_0187_0088_0295_0256.jpg 1 187 88 295 256
0202_0061_0196_0246_0213.jpg 1 61 196 246 213
0203_0052_0197_0225_0195.jpg 1 52 197 225 195
0204_0539_0273_0016_0014.jpg 1 539 273 16 14
0205_0281_0170_0050_0043.jpg 1 281 170 50 43
0206_0133_0157_0232_0201.jpg 1 133 157 232 201
0207_0163_0151_0345_0299.jpg 1 163 151 345 299
0208_0344_0314_0098_0085.jpg 1 344 314 98 85
0209_0352_0330_0025_0021.jpg 1 352 330 25 21
0210_0218_0088_0347_0301.jpg 1 218 88 347 301
0211_0353_0163_0142_0123.jpg 1 353 163 142 123
0212_0366_0209_0091_0079.jpg 1 366 209 91 79
0213_0156_0114_0045_0039.jpg 1 156 114 45 39
0214_0122_0132_0319_0276.jpg 1 122 132 319 276
0215_0149_0106_0031_0027.jpg 1 149 106 31 27
0216_0037_0071_0363_0315.jpg 1 37 71 363 315
0217_0265_0111_0261_0227.jpg 1 265 111 261 227
0218_0219_0165_0312_0270.jpg 1 219 165 312 270
0219_0436_0297_0025_0021.jpg 1 436 297 25 21
0220_0039_0072_0372_0322.jpg 1 39 72 372 322
0221_0177_0209_0163_0141.jpg 1 177 209 163 141
0222_0190_0104_0124_0107.jpg 1 190 104 124 107
0223_0263_0049_0339_0294.jpg 1 263 49 339 294
0224_0079_0082_0045_0039.jpg 1 79 82 45 39
0225_0438_0281_0130_0113.jpg 1 438 281 130 113
0226_0260_0100_0280_0242.jpg 1 260 100 280 242
0227_0105_0047_0221_0191.jpg 1 105 47 221 191
0228_0364_0290_0159_0137.jpg 1 364 290 159 137
0229_0432_0344_0088_0076.jpg 1 432 344 88 76
0230_0070_0140_0349_0302.jpg 1 70 140 349 302
0231_0286_0356_0060_0052.jpg 1 286 356 60 52
0232_0091_0153_0276_0239.jpg 1 91 153 276 239
0233_0394_0272_0115_0100.jpg 1 394 272 115 100
0234_0289_0173_0316_0274.jpg 1 289 173 316 274
0235_0233_0188_0262_0227.jpg 1 233 188 262 227
0236_0457_0046_0112_0097.jpg 1 457 46 112 97
0237_0303_0186_0184_0160.jpg 1 303 186 184 160
0238_0121_0128_0278_0241.jpg 1 121 128 278 241
0239_0071_0235_0143_0124.jpg 1 71 235 143 124
0240_0275_0200_0297_0257.jpg 1 275 200 297 257
0241_0127_0183_0042_0037.jpg 1 127 183 42 37
0242_0139_0082_0326_0282.jpg 1 139 82 326 282
0243_0044_0094_0331_0287.jpg 1 44 94 331 287
0244_0272_0332_0029_0025.jpg 1 272 332 29 25
0245_0162_0113_0366_0317.jpg 1 162 113 366 317
0246_0096_0245_0183_0159.jpg 1 96 245 183 159
0247_0316_0249_0233_0202.jpg 1 316 249 233 202
0248_0119_0098_0201_0175.jpg 1 119 98 201 175
0249_0137_0053_0387_0335.jpg 1 137 53 387 335
0250_0113_0139_0374_0324.jpg 1 113 139 374 324
0251_0093_0378_0045_0039.jpg 1 93 378 45 39
0252_0472_0108_0021_0018.jpg 1 472 108 21 18
0253_0216_0167_0134_0116.jpg 1 216 167 134 116
0254_0244_0099_0323_0280.jpg 1 244 99 323 280
0255_0220_0053_0211_0183.jpg 1 220 53 211 183
0256_0256_0087_0331_0287.jpg 1 256 87 331 287
0257_0208_0191_0133_0116.jpg 1 208 191 133 116
0258_0146_0163_0264_0229.jpg 1 146 163 264 229
0259_0242_0066_0316_0274.jpg 1 242 66 316 274
0260_0172_0031_0386_0334.jpg 1 172 31 386 334
0261_0085_0058_0368_0319.jpg 1 85 58 368 319
0262_0395_0283_0059_0051.jpg 1 395 283 59 51
0263_0111_0263_0021_0018.jpg 1 111 263 21 18
0264_0261_0193_0098_0085.jpg 1 261 193 98 85
0265_0225_0169_0234_0203.jpg 1 225 169 234 203
0266_0162_0053_0347_0301.jpg 1 162 53 347 301
0267_0328_0178_0106_0091.jpg 1 328 178 106 91
0268_0241_0094_0280_0243.jpg 1 241 94 280 243
0269_0154_0049_0266_0230.jpg 1 154 49 266 230
0270_0069_0117_0137_0118.jpg 1 69 117 137 118
0271_0237_0199_0237_0205.jpg 1 237 199 237 205
0272_0194_0132_0099_0085.jpg 1 194 132 99 85
0273_0306_0199_0198_0171.jpg 1 306 199 198 171
0274_0038_0113_0334_0290.jpg 1 38 113 334 290
0275_0089_0107_0230_0199.jpg 1 89 107 230 199
0276_0382_0157_0203_0176.jpg 1 382 157 203 176
0277_0086_0056_0090_0078.jpg 1 86 56 90 78
0278_0197_0089_0344_0298.jpg 1 197 89 344 298
0279_0176_0070_0369_0319.jpg 1 176 70 369 319
0280_0275_0024_0313_0271.jpg 1 275 24 313 271
0281_0090_0181_0182_0157.jpg 1 90 181 182 157
0282_0206_0240_0093_0081.jpg 1 206 240 93 81
0283_0055_0088_0191_0165.jpg 1 55 88 191 165
0284_0215_0094_0339_0293.jpg 1 215 94 339 293
0285_0082_0093_0059_0051.jpg 1 82 93 59 51
0286_0046_0151_0323_0280.jpg 1 46 151 323 280
0287_0226_0108_0247_0214.jpg 1 226 108 247 214
0288_0444_0245_0119_0103.jpg 1 444 245 119 103
0289_0130_0340_0036_0031.jpg 1 130 340 36 31
0290_0152_0160_0308_0267.jpg 1 152 160 308 267
0291_0132_0168_0321_0278.jpg 1 132 168 321 278
0292_0445_0281_0086_0075.jpg 1 445 281 86 75
0293_0196_0062_0282_0244.jpg 1 196 62 282 244
0294_0129_0146_0239_0207.jpg 1 129 146 239 207
0295_0175_0040_0358_0310.jpg 1 175 40 358 310
0296_0401_0262_0180_0156.jpg 1 401 262 180 156
0297_0230_0017_0382_0331.jpg 1 230 17 382 331
0298_0224_0039_0373_0323.jpg 1 224 39 373 323
0299_0125_0226_0164_0142.jpg 1 125 226 164 142
0300_0144_0053_0274_0237.jpg 1 144 53 274 237
0301_0134_0099_0290_0251.jpg 1 134 99 290 251
0302_0031_0120_0379_0329.jpg 1 31 120 379 329
0303_0175_0258_0214_0185.jpg 1 175 258 214 185
0304_0124_0058_0175_0151.jpg 1 124 58 175 151
0305_0138_0096_0038_0033.jpg 1 138 96 38 33
0306_0324_0173_0106_0092.jpg 1 324 173 106 92
0307_0213_0126_0136_0118.jpg 1 213 126 136 118
0308_0195_0221_0217_0188.jpg 1 195 221 217 188
0309_0257_0120_0307_0266.jpg 1 257 120 307 266
0310_0155_0094_0214_0185.jpg 1 155 94 214 185
0311_0303_0234_0175_0151.jpg 1 303 234 175 151
0312_0076_0401_0017_0014.jpg 1 76 401 17 14
0313_0418_0214_0123_0107.jpg 1 418 214 123 107
0314_0200_0097_0260_0225.jpg 1 200 97 260 225
0315_0187_0068_0367_0318.jpg 1 187 68 367 318
0316_0225_0045_0277_0240.jpg 1 225 45 277 240
0317_0301_0072_0161_0139.jpg 1 301 72 161 139
0318_0048_0228_0153_0133.jpg 1 48 228 153 133
0319_0141_0056_0154_0133.jpg 1 141 56 154 133
0320_0136_0248_0152_0132.jpg 1 136 248 152 132
0321_0287_0288_0119_0103.jpg 1 287 288 119 103
0322_0135_0082_0287_0248.jpg 1 135 82 287 248
0323_0056_0086_0134_0116.jpg 1 56 86 134 116
0324_0203_0088_0295_0256.jpg 1 203 88 295 256
0325_0171_0147_0243_0211.jpg 1 171 147 243 211
0326_0260_0054_0228_0198.jpg 1 260 54 228 198
0327_0292_0173_0190_0165.jpg 1 292 173 190 165
0328_0364_0048_0123_0107.jpg 1 364 48 123 107
0329_0322_0181_0049_0043.jpg 1 322 181 49 43
0330_0092_0135_0368_0319.jpg 1 92 135 368 319
0331_0251_0263_0173_0150.jpg 1 251 263 173 150
0332_0376_0276_0133_0115.jpg 1 376 276 133 115
0333_0035_0068_0372_0322.jpg 1 35 68 372 322
0334_0157_0095_0223_0193.jpg 1 157 95 223 193
0335_0105_0149_0352_0305.jpg 1 105 149 352 305
0336_0260_0141_0263_0228.jpg 1 260 141 263 228
0337_0511_0208_0025_0021.jpg 1 511 208 25 21
0338_0189_0183_0304_0264.jpg 1 189 183 304 264
0339_0121_0390_0041_0036.jpg 1 121 390 41 36
0340_0232_0037_0339_0294.jpg 1 232 37 339 294
0341_0066_0108_0333_0289.jpg 1 66 108 333 289
0342_0301_0214_0185_0160.jpg 1 301 214 185 160
0343_0377_0248_0035_0030.jpg 1 377 248 35 30
0344_0258_0133_0117_0101.jpg 1 258 133 117 101
0345_0196_0163_0320_0277.jpg 1 196 163 320 277
0346_0110_0051_0353_0306.jpg 1 110 51 353 306
0347_0223_0049_0297_0257.jpg 1 223 49 297 257
0348_0185_0179_0297_0258.jpg 1 185 179 297 258
0349_0434_0284_0078_0067.jpg 1 434 284 78 67
0350_0090_0050_0254_0220.jpg 1 90 50 254 220
0351_0312_0234_0229_0198.jpg 1 312 234 229 198
0352_0174_0050_0211_0183.jpg 1 174 50 211 183
0353_0101_0088_0386_0334.jpg 1 101 88 386 334
0354_0141_0138_0098_0085.jpg 1 141 138 98 85
0355_0170_0161_0071_0062.jpg 1 170 161 71 62
0356_0425_0265_0040_0035.jpg 1 425 265 40 35
0357_0208_0077_0175_0151.jpg 1 208 77 175 151
0358_0379_0093_0106_0092.jpg 1 379 93 106 92
0359_0182_0044_0385_0333.jpg 1 182 44 385 333
0360_0070_0221_0027_0024.jpg 1 70 221 27 24
0361_0262_0243_0050_0043.jpg 1 262 243 50 43
0362_0201_0099_0378_0327.jpg 1 201 99 378 327
0363_0087_0093_0242_0210.jpg 1 87 93 242 210
0364_0218_0210_0113_0098.jpg 1 218 210 113 98
0365_0173_0166_0175_0151.jpg 1 173 166 175 151
0366_0142_0163_0182_0158.jpg 1 142 163 182 158
0367_0228_0264_0120_0104.jpg 1 228 264 120 104
0368_0156_0074_0290_0251.jpg 1 156 74 290 251
0369_0195_0025_0362_0314.jpg 1 195 25 362 314
0370_0474_0094_0103_0090.jpg 1 474 94 103 90
0371_0046_0125_0329_0285.jpg 1 46 125 329 285
0372_0080_0106_0357_0309.jpg 1 80 106 357 309
0373_0298_0279_0147_0127.jpg 1 298 279 147 127
0374_0251_0328_0035_0030.jpg 1 251 328 35 30
0375_0207_0070_0371_0322.jpg 1 207 70 371 322
0376_0416_0266_0095_0082.jpg 1 416 266 95 82
0377_0255_0062_0345_0299.jpg 1 255 62 345 299
0378_0362_0179_0218_0189.jpg 1 362 179 218 189
0379_0329_0276_0151_0131.jpg 1 329 276 151 131
0380_0063_0107_0034_0030.jpg 1 63 107 34 30
0381_0344_0045_0169_0147.jpg 1 344 45 169 147
0382_0091_0134_0211_0183.jpg 1 91 134 211 183
0383_0319_0079_0260_0225.jpg 1 319 79 260 225
0384_0074_0266_0100_0087.jpg 1 74 266 100 87
0385_0098_0320_0063_0055.jpg 1 98 320 63 55
0386_0145_0020_0344_0298.jpg 1 145 20 344 298
0387_0274_0189_0123_0106.jpg 1 274 189 123 106
0388_0041_0099_0265_0229.jpg 1 41 99 265 229
0389_0035_0041_0326_0283.jpg 1 35 41 326 283
0390_0358_0252_0212_0184.jpg 1 358 252 212 184
0391_0296_0162_0170_0148.jpg 1 296 162 170 148
0392_0106_0278_0147_0127.jpg 1 106 278 147 127
0393_0133_0114_0366_0317.jpg 1 133 114 366 317
0394_0188_0048_0207_0179.jpg 1 188 48 207 179
0395_0093_0062_0199_0173.jpg 1 93 62 199 173
0396_0091_0344_0065_0057.jpg 1 91 344 65 57
0397_0169_0116_0221_0191.jpg 1 169 116 221 191
0398_0320_0355_0049_0042.jpg 1 320 355 49 42
0399_0325_0215_0202_0175.jpg 1 325 215 202 175
0400_0350_0125_0055_0048.jpg 1 350 125 55 48
0401_0450_0328_0075_0065.jpg 1 450 328 75 65
0402_0061_0165_0338_0292.jpg 1 61 165 338 292
0403_0334_0190_0266_0231.jpg 1 334 190 266 231
0404_0161_0065_0115_0100.jpg 1 161 65 115 100
0405_0275_0233_0194_0168.jpg 1 275 233 194 168
0406_0077_0046_0280_0243.jpg 1 77 46 280 243
0407_0375_0130_0061_0053.jpg 1 375 130 61 53
0408_0234_0166_0099_0086.jpg 1 234 166 99 86
0409_0324_0353_0054_0046.jpg 1 324 353 54 46
0410_0074_0286_0183_0159.jpg 1 74 286 183 159
0411_0093_0291_0039_0034.jpg 1 93 291 39 34
0412_0221_0188_0047_0041.jpg 1 221 188 47 41
0413_0238_0251_0047_0040.jpg 1 238 251 47 40
0414_0178_0220_0061_0053.jpg 1 178 220 61 53
0415_0305_0220_0086_0074.jpg 1 305 220 86 74
0416_0308_0367_0071_0061.jpg 1 308 367 71 61
0417_0411_0182_0076_0066.jpg 1 411 182 76 66
0418_0174_0029_0362_0314.jpg 1 174 29 362 314
0419_0166_0031_0375_0325.jpg 1 166 31 375 325
0420_0346_0152_0246_0213.jpg 1 346 152 246 213
0421_0228_0253_0146_0126.jpg 1 228 253 146 126
0422_0111_0059_0174_0151.jpg 1 111 59 174 151
0423_0255_0182_0146_0127.jpg 1 255 182 146 127
0424_0212_0091_0356_0309.jpg 1 212 91 356 309
0425_0260_0096_0202_0175.jpg 1 260 96 202 175
0426_0162_0147_0331_0287.jpg 1 162 147 331 287
0427_0300_0134_0210_0182.jpg 1 300 134 210 182
0428_0359_0075_0197_0171.jpg 1 359 75 197 171
0429_0267_0235_0242_0210.jpg 1 267 235 242 210
0430_0317_0137_0216_0187.jpg 1 317 137 216 187
0431_0361_0250_0037_0032.jpg 1 361 250 37 32
0432_0058_0237_0211_0183.jpg 1 58 237 211 183
0433_0236_0128_0256_0221.jpg 1 236 128 256 221
0434_0030_0028_0358_0311.jpg 1 30 28 358 311
0435_0313_0131_0231_0201.jpg 1 313 131 231 201
0436_0316_0333_0051_0044.jpg 1 316 333 51 44
0437_0160_0226_0260_0225.jpg 1 160 226 260 225
0438_0086_0066_0362_0314.jpg 1 86 66 362 314
0439_0119_0087_0359_0311.jpg 1 119 87 359 311
0440_0115_0294_0112_0097.jpg 1 115 294 112 97
0441_0165_0070_0307_0266.jpg 1 165 70 307 266
0442_0173_0391_0033_0028.jpg 1 173 391 33 28
0443_0143_0080_0105_0091.jpg 1 143 80 105 91
0444_0094_0241_0086_0074.jpg 1 94 241 86 74
0445_0186_0317_0016_0014.jpg 1 186 317 16 14
0446_0334_0184_0113_0098.jpg 1 334 184 113 98
0447_0155_0258_0189_0164.jpg 1 155 258 189 164
0448_0440_0175_0087_0076.jpg 1 440 175 87 76
0449_0063_0069_0310_0269.jpg 1 63 69 310 269
0450_0345_0071_0080_0069.jpg 1 345 71 80 69
0451_0099_0154_0207_0180.jpg 1 99 154 207 180
0452_0135_0132_0301_0261.jpg 1 135 132 301 261
0453_0184_0143_0319_0277.jpg 1 184 143 319 277
0454_0204_0300_0121_0105.jpg 1 204 300 121 105
0455_0091_0050_0228_0198.jpg 1 91 50 228 198
0456_0167_0060_0335_0290.jpg 1 167 60 335 290
0457_0088_0219_0139_0121.jpg 1 88 219 139 121
0458_0174_0135_0191_0165.jpg 1 174 135 191 165
0459_0036_0022_0380_0329.jpg 1 36 22 380 329
0460_0266_0274_0148_0128.jpg 1 266 274 148 128
0461_0098_0147_0245_0213.jpg 1 98 147 245 213
0462_0284_0262_0144_0125.jpg 1 284 262 144 125
0463_0113_0297_0087_0076.jpg 1 113 297 87 76
0464_0095_0135_0312_0270.jpg 1 95 135 312 270
0465_0246_0307_0063_0055.jpg 1 246 307 63 55
0466_0331_0041_0243_0210.jpg 1 331 41 243 210
0467_0182_0064_0252_0218.jpg 1 182 64 252 218
0468_0236_0128_0341_0295.jpg 1 236 128 341 295
0469_0188_0153_0342_0296.jpg 1 188 153 342 296
0470_0318_0210_0136_0117.jpg 1 318 210 136 117
0471_0282_0228_0163_0141.jpg 1 282 228 163 141
0472_0056_0057_0269_0233.jpg 1 56 57 269 233
0473_0059_0302_0063_0055.jpg 1 59 302 63 55
0474_0298_0161_0131_0113.jpg 1 298 161 131 113
0475_0275_0269_0195_0169.jpg 1 275 269 195 169
0476_0394_0148_0156_0135.jpg 1 394 148 156 135
0477_0270_0315_0088_0076.jpg 1 270 315 88 76
0478_0063_0123_0142_0123.jpg 1 63 123 142 123
0479_0290_0199_0169_0146.jpg 1 290 199 169 146
0480_0137_0117_0215_0186.jpg 1 137 117 215 186
0481_0425_0343_0045_0039.jpg 1 425 343 45 39
0482_0139_0095_0255_0221.jpg 1 139 95 255 221
0483_0066_0123_0333_0289.jpg 1 66 123 333 289
0484_0100_0130_0237_0205.jpg 1 100 130 237 205
0485_0113_0307_0038_0033.jpg 1 113 307 38 33
0486_0254_0121_0305_0264.jpg 1 254 121 305 264
0487_0167_0060_0200_0174.jpg 1 167 60 200 174
0488_0439_0239_0117_0101.jpg 1 439 239 117 101
0489_0329_0100_0266_0230.jpg 1 329 100 266 230
0490_0056_0205_0145_0126.jpg 1 56 205 145 126
0491_0166_0243_0037_0032.jpg 1 166 243 37 32
0492_0439_0290_0117_0102.jpg 1 439 290 117 102
0493_0111_0360_0033_0029.jpg 1 111 360 33 29
0494_0161_0208_0234_0203.jpg 1 161 208 234 203
0495_0232_0165_0228_0197.jpg 1 232 165 228 197
0496_0074_0122_0236_0205.jpg 1 74 122 236 205
0497_0261_0051_0336_0291.jpg 1 261 51 336 291
0498_0323_0340_0033_0029.jpg 1 323 340 33 29
0499_0177_0137_0169_0146.jpg 1 177 137 169 146
0500_0315_0206_0104_0090.jpg 1 315 206 104 90
0501_0157_0268_0176_0153.jpg 1 157 268 176 153
0502_0121_0201_0141_0122.jpg 1 121 201 141 122
0503_0291_0046_0153_0132.jpg 1 291 46 153 132
0504_0298_0257_0209_0181.jpg 1 298 257 209 181
0505_0207_0253_0048_0042.jpg 1 207 253 48 42
0506_0123_0148_0057_0049.jpg 1 123 148 57 49
0507_0086_0052_0205_0178.jpg 1 86 52 205 178
0508_0065_0070_0362_0313.jpg 1 65 70 362 313
0509_0208_0131_0226_0196.jpg 1 208 131 226 196
0510_0217_0101_0183_0158.jpg 1 217 101 183 158
0511_0218_0060_0349_0303.jpg 1 218 60 349 303
0512_0449_0195_0045_0039.jpg 1 449 195 45 39
0513_0226_0166_0259_0225.jpg 1 226 166 259 225
0514_0281_0048_0139_0120.jpg 1 281 48 139 120
0515_0048_0108_0311_0270.jpg 1 48 108 311 270
0516_0076_0201_0248_0215.jpg 1 76 201 248 215
0517_0123_0063_0311_0269.jpg 1 123 63 311 269
0518_0332_0336_0029_0025.jpg 1 332 336 29 25
0519_0276_0060_0220_0191.jpg 1 276 60 220 191
0520_0129_0152_0338_0293.jpg 1 129 152 338 293
0521_0226_0128_0247_0214.jpg 1 226 128 247 214
0522_0175_0249_0055_0048.jpg 1 175 249 55 48
0523_0224_0159_0315_0273.jpg 1 224 159 315 273
0524_0246_0140_0351_0304.jpg 1 246 140 351 304
0525_0275_0289_0024_0021.jpg 1 275 289 24 21
0526_0109_0270_0061_0053.jpg 1 109 270 61 53
0527_0160_0027_0290_0251.jpg 1 160 27 290 251
0528_0094_0049_0314_0272.jpg 1 94 49 314 272
0529_0121_0045_0337_0292.jpg 1 121 45 337 292
0530_0186_0061_0203_0176.jpg 1 186 61 203 176
0531_0162_0067_0221_0192.jpg 1 162 67 221 192
0532_0404_0155_0051_0045.jpg 1 404 155 51 45
0533_0204_0176_0224_0194.jpg 1 204 176 224 194
0534_0291_0072_0046_0040.jpg 1 291 72 46 40
0535_0257_0132_0197_0170.jpg 1 257 132 197 170
0536_0085_0067_0061_0053.jpg 1 85 67 61 53
0537_0373_0280_0068_0059.jpg 1 373 280 68 59
0538_0289_0084_0263_0228.jpg 1 289 84 263 228
0539_0223_0117_0279_0242.jpg 1 223 117 279 242
0540_0255_0072_0349_0303.jpg 1 255 72 349 303
0541_0395_0173_0087_0076.jpg 1 395 173 87 76
0542_0292_0141_0160_0139.jpg 1 292 141 160 139
0543_0050_0264_0196_0169.jpg 1 50 264 196 169
0544_0223_0096_0088_0076.jpg 1 223 96 88 76
0545_0124_0062_0335_0290.jpg 1 124 62 335 290
0546_0286_0121_0055_0047.jpg 1 286 121 55 47
0547_0445_0277_0138_0120.jpg 1 445 277 138 120
0548_0108_0146_0323_0280.jpg 1 108 146 323 280
0549_0288_0113_0318_0275.jpg 1 288 113 318 275
0550_0262_0081_0335_0290.jpg 1 262 81 335 290
0551_0058_0060_0377_0327.jpg 1 58 60 377 327
0552_0381_0194_0181_0157.jpg 1 381 194 181 157
0553_0147_0033_0382_0331.jpg 1 147 33 382 331
0554_0222_0178_0251_0218.jpg 1 222 178 251 218
0555_0172_0161_0317_0275.jpg 1 172 161 317 275
0556_0142_0140_0222_0193.jpg 1 142 140 222 193
0557_0083_0030_0232_0201.jpg 1 83 30 232 201
0558_0204_0258_0049_0042.jpg 1 204 258 49 42
0559_0107_0134_0316_0274.jpg 1 107 134 316 274
0560_0177_0069_0254_0220.jpg 1 177 69 254 220
0561_0125_0075_0082_0071.jpg 1 125 75 82 71
0562_0387_0161_0155_0134.jpg 1 387 161 155 134
0563_0300_0249_0034_0029.jpg 1 300 249 34 29
0564_0072_0176_0283_0245.jpg 1 72 176 283 245
0565_0162_0132_0318_0275.jpg 1 162 132 318 275
0566_0125_0058_0310_0268.jpg 1 125 58 310 268
0567_0394_0137_0072_0062.jpg 1 394 137 72 62
0568_0497_0340_0075_0065.jpg 1 497 340 75 65
0569_0426_0228_0100_0087.jpg 1 426 228 100 87
0570_0349_0123_0084_0072.jpg 1 349 123 84 72
0571_0098_0180_0075_0065.jpg 1 98 180 75 65
0572_0094_0034_0177_0154.jpg 1 94 34 177 154
0573_0350_0279_0021_0018.jpg 1 350 279 21 18
0574_0205_0029_0377_0327.jpg 1 205 29 377 327
0575_0238_0125_0310_0269.jpg 1 238 125 310 269
0576_0243_0135_0099_0086.jpg 1 243 135 99 86
0577_0224_0135_0338_0293.jpg 1 224 135 338 293
0578_0124_0130_0112_0097.jpg 1 124 130 112 97
0579_0170_0078_0369_0320.jpg 1 170 78 369 320
0580_0129_0055_0183_0158.jpg 1 129 55 183 158
0581_0189_0136_0276_0239.jpg 1 189 136 276 239
0582_0119_0046_0196_0170.jpg 1 119 46 196 170
0583_0168_0056_0364_0315.jpg 1 168 56 364 315
0584_0227_0278_0159_0138.jpg 1 227 278 159 138
0585_0199_0145_0312_0270.jpg 1 199 145 312 270
0586_0490_0364_0039_0033.jpg 1 490 364 39 33
0587_0329_0124_0272_0236.jpg 1 329 124 272 236
0588_0268_0071_0074_0064.jpg 1 268 71 74 64
0589_0253_0101_0319_0277.jpg 1 253 101 319 277
0590_0141_0111_0351_0304.jpg 1 141 111 351 304
0591_0272_0069_0048_0042.jpg 1 272 69 48 42
0592_0175_0140_0302_0261.jpg 1 175 140 302 261
0593_0104_0182_0189_0164.jpg 1 104 182 189 164
0594_0114_0132_0358_0310.jpg 1 114 132 358 310
0595_0157_0051_0053_0046.jpg 1 157 51 53 46
0596_0376_0129_0050_0044.jpg 1 376 129 50 44
0597_0310_0144_0262_0227.jpg 1 310 144 262 227
0598_0475_0269_0110_0095.jpg 1 475 269 110 95
0599_0125_0040_0293_0254.jpg 1 125 40 293 254
0600_0112_0230_0182_0158.jpg 1 112 230 182 158
0601_0062_0126_0163_0141.jpg 1 62 126 163 141
0602_0160_0226_0107_0093.jpg 1 160 226 107 93
0603_0312_0332_0120_0104.jpg 1 312 332 120 104
0604_0125_0100_0211_0182.jpg 1 125 100 211 182
0605_0476_0213_0075_0065.jpg 1 476 213 75 65
0606_0493_0311_0032_0028.jpg 1 493 311 32 28
0607_0275_0178_0303_0262.jpg 1 275 178 303 262
0608_0239_0155_0187_0162.jpg 1 239 155 187 162
0609_0123_0113_0214_0186.jpg 1 123 113 214 186
0610_0231_0167_0112_0097.jpg 1 231 167 112 97
0611_0058_0216_0086_0074.jpg 1 58 216 86 74
0612_0220_0143_0143_0124.jpg 1 220 143 143 124
0613_0260_0079_0183_0159.jpg 1 260 79 183 159
0614_0272_0159_0303_0262.jpg 1 272 159 303 262
0615_0383_0072_0158_0137.jpg 1 383 72 158 137
0616_0182_0027_0376_0326.jpg 1 182 27 376 326
0617_0051_0081_0378_0328.jpg 1 51 81 378 328
0618_0358_0125_0184_0159.jpg 1 358 125 184 159
0619_0094_0035_0375_0325.jpg 1 94 35 375 325
0620_0406_0263_0026_0022.jpg 1 406 263 26 22
0621_0200_0190_0136_0117.jpg 1 200 190 136 117
0622_0091_0135_0362_0314.jpg 1 91 135 362 314
0623_0084_0178_0122_0106.jpg 1 84 178 122 106
0624_0073_0206_0249_0215.jpg 1 73 206 249 215
0625_0112_0040_0386_0335.jpg 1 112 40 386 335
0626_0530_0206_0022_0019.jpg 1 530 206 22 19
0627_0385_0203_0040_0034.jpg 1 385 203 40 34
0628_0374_0051_0130_0113.jpg 1 374 51 130 113
0629_0219_0126_0148_0128.jpg 1 219 126 148 128
0630_0221_0112_0216_0187.jpg 1 221 112 216 187
0631_0177_0377_0026_0023.jpg 1 177 377 26 23
0632_0063_0197_0165_0143.jpg 1 63 197 165 143
0633_0232_0031_0349_0302.jpg 1 232 31 349 302
0634_0196_0219_0261_0226.jpg 1 196 219 261 226
0635_0134_0081_0167_0144.jpg 1 134 81 167 144
0636_0146_0152_0241_0209.jpg 1 146 152 241 209
0637_0074_0165_0031_0027.jpg 1 74 165 31 27
0638_0288_0205_0181_0157.jpg 1 288 205 181 157
0639_0192_0055_0209_0181.jpg 1 192 55 209 181
0640_0341_0085_0048_0041.jpg 1 341 85 48 41
0641_0133_0136_0201_0174.jpg 1 133 136 201 174
0642_0129_0168_0300_0260.jpg 1 129 168 300 260
0643_0150_0034_0189_0164.jpg 1 150 34 189 164
0644_0274_0046_0314_0272.jpg 1 274 46 314 272
0645_0332_0128_0141_0122.jpg 1 332 128 141 122
0646_0557_0339_0015_0013.jpg 1 557 339 15 13
0647_0490_0140_0044_0038.jpg 1 490 140 44 38
0648_0174_0048_0373_0323.jpg 1 174 48 373 323
0649_0102_0026_0387_0335.jpg 1 102 26 387 335
0650_0227_0271_0130_0113.jpg 1 227 271 130 113
0651_0410_0250_0148_0128.jpg 1 410 250 148 128
0652_0224_0081_0049_0043.jpg 1 224 81 49 43
0653_0050_0199_0277_0240.jpg 1 50 199 277 240
0654_0137_0205_0047_0040.jpg 1 137 205 47 40
0655_0393_0090_0177_0154.jpg 1 393 90 177 154
0656_0217_0168_0061_0053.jpg 1 217 168 61 53
0657_0096_0087_0306_0265.jpg 1 96 87 306 265
0658_0242_0029_0254_0220.jpg 1 242 29 254 220
0659_0422_0204_0159_0137.jpg 1 422 204 159 137
0660_0471_0206_0057_0050.jpg 1 471 206 57 50
0661_0177_0201_0220_0191.jpg 1 177 201 220 191
0662_0248_0095_0276_0239.jpg 1 248 95 276 239
0663_0208_0046_0354_0307.jpg 1 208 46 354 307
0664_0097_0094_0328_0284.jpg 1 97 94 328 284
0665_0347_0146_0034_0029.jpg 1 347 146 34 29
0666_0175_0218_0208_0181.jpg 1 175 218 208 181
0667_0231_0099_0194_0168.jpg 1 231 99 194 168
0668_0447_0221_0031_0026.jpg 1 447 221 31 26
0669_0309_0294_0067_0058.jpg 1 309 294 67 58
0670_0125_0114_0145_0126.jpg 1 125 114 145 126
0671_0413_0221_0128_0110.jpg 1 413 221 128 110
0672_0205_0025_0354_0307.jpg 1 205 25 354 307
0673_0213_0151_0341_0295.jpg 1 213 151 341 295
0674_0275_0286_0161_0139.jpg 1 275 286 161 139
0675_0166_0031_0354_0307.jpg 1 166 31 354 307
0676_0158_0179_0271_0234.jpg 1 158 179 271 234
0677_0135_0065_0141_0122.jpg 1 135 65 141 122
0678_0290_0147_0296_0257.jpg 1 290 147 296 257
0679_0302_0114_0225_0195.jpg 1 302 114 225 195
0680_0322_0128_0155_0134.jpg 1 322 128 155 134
0681_0266_0103_0222_0192.jpg 1 266 103 222 192
0682_0185_0233_0069_0059.jpg 1 185 233 69 59
0683_0072_0106_0301_0261.jpg 1 72 106 301 261
0684_0171_0068_0285_0247.jpg 1 171 68 285 247
0685_0101_0146_0025_0021.jpg 1 101 146 25 21
0686_0250_0290_0155_0134.jpg 1 250 290 155 134
0687_0459_0413_0016_0014.jpg 1 459 413 16 14
0688_0159_0260_0105_0091.jpg 1 159 260 105 91
0689_0336_0166_0066_0057.jpg 1 336 166 66 57
0690_0230_0034_0234_0203.jpg 1 230 34 234 203
0691_0305_0056_0050_0043.jpg 1 305 56 50 43
0692_0377_0165_0184_0159.jpg 1 377 165 184 159
0693_0114_0162_0036_0031.jpg 1 114 162 36 31
0694_0116_0178_0126_0109.jpg 1 116 178 126 109
0695_0418_0103_0030_0026.jpg 1 418 103 30 26
0696_0133_0115_0276_0239.jpg 1 133 115 276 239
0697_0472_0214_0084_0073.jpg 1 472 214 84 73
0698_0154_0346_0108_0093.jpg 1 154 346 108 93
0699_0319_0285_0146_0126.jpg 1 319 285 146 126
0700_0144_0203_0238_0206.jpg 1 144 203 238 206
0701_0378_0292_0046_0040.jpg 1 378 292 46 40
0702_0099_0166_0094_0081.jpg 1 99 166 94 81
0703_0279_0161_0139_0120.jpg 1 279 161 139 120
0704_0409_0349_0067_0058.jpg 1 409 349 67 58
0705_0182_0075_0227_0197.jpg 1 182 75 227 197
0706_0320_0232_0027_0023.jpg 1 320 232 27 23
0707_0081_0037_0373_0323.jpg 1 81 37 373 323
0708_0119_0208_0261_0226.jpg 1 119 208 261 226
0709_0185_0183_0081_0070.jpg 1 185 183 81 70
0710_0505_0216_0018_0016.jpg 1 505 216 18 16
0711_0168_0107_0266_0231.jpg 1 168 107 266 231
0712_0069_0184_0191_0165.jpg 1 69 184 191 165
0713_0270_0211_0244_0211.jpg 1 270 211 244 211
0714_0167_0301_0089_0077.jpg 1 167 301 89 77
0715_0145_0190_0246_0213.jpg 1 145 190 246 213
0716_0444_0178_0030_0026.jpg 1 444 178 30 26
0717_0233_0130_0326_0282.jpg 1 233 130 326 282
0718_0163_0210_0277_0240.jpg 1 163 210 277 240
0719_0194_0132_0236_0205.jpg 1 194 132 236 205
0720_0318_0216_0159_0138.jpg 1 318 216 159 138
0721_0057_0025_0351_0304.jpg 1 57 25 351 304
0722_0127_0253_0192_0167.jpg 1 127 253 192 167
0723_0093_0114_0321_0279.jpg 1 93 114 321 279
0724_0260_0286_0182_0158.jpg 1 260 286 182 158
0725_0411_0303_0057_0049.jpg 1 411 303 57 49
0726_0480_0063_0103_0089.jpg 1 480 63 103 89
0727_0048_0103_0373_0323.jpg 1 48 103 373 323
0728_0169_0119_0372_0322.jpg 1 169 119 372 322
0729_0221_0298_0024_0021.jpg 1 221 298 24 21
0730_0059_0049_0373_0324.jpg 1 59 49 373 324
0731_0237_0324_0083_0072.jpg 1 237 324 83 72
0732_0268_0197_0281_0244.jpg 1 268 197 281 244
0733_0107_0121_0348_0301.jpg 1 107 121 348 301
0734_0252_0282_0043_0037.jpg 1 252 282 43 37
0735_0233_0019_0343_0297.jpg 1 233 19 343 297
0736_0071_0055_0111_0096.jpg 1 71 55 111 96
0737_0153_0140_0055_0047.jpg 1 153 140 55 47
0738_0149_0064_0360_0312.jpg 1 149 64 360 312
0739_0181_0071_0222_0192.jpg 1 181 71 222 192
0740_0063_0160_0039_0034.jpg 1 63 160 39 34
0741_0188_0121_0351_0304.jpg 1 188 121 351 304
0742_0183_0105_0329_0285.jpg 1 183 105 329 285
0743_0341_0355_0091_0079.jpg 1 341 355 91 79
0744_0088_0141_0368_0319.jpg 1 88 141 368 319
0745_0315_0348_0065_0056.jpg 1 315 348 65 56
0746_0133_0032_0357_0309.jpg 1 133 32 357 309
0747_0114_0104_0217_0188.jpg 1 114 104 217 188
0748_0209_0280_0185_0160.jpg 1 209 280 185 160
0749_0292_0265_0214_0185.jpg 1 292 265 214 185
0750_0493_0235_0068_0059.jpg 1 493 235 68 59
0751_0490_0077_0028_0024.jpg 1 490 77 28 24
0752_0183_0175_0018_0015.jpg 1 183 175 18 15
0753_0168_0073_0353_0306.jpg 1 168 73 353 306
0754_0198_0161_0220_0190.jpg 1 198 161 220 190
0755_0424_0304_0089_0077.jpg 1 424 304 89 77
0756_0240_0202_0154_0133.jpg 1 240 202 154 133
0757_0157_0172_0272_0236.jpg 1 157 172 272 236
0758_0181_0075_0300_0260.jpg 1 181 75 300 260
0759_0166_0158_0174_0151.jpg 1 166 158 174 151
0760_0151_0094_0351_0304.jpg 1 151 94 351 304
0761_0178_0119_0271_0235.jpg 1 178 119 271 235
0762_0453_0166_0091_0079.jpg 1 453 166 91 79
0763_0307_0334_0043_0037.jpg 1 307 334 43 37
0764_0251_0172_0096_0083.jpg 1 251 172 96 83
0765_0314_0099_0020_0017.jpg 1 314 99 20 17
0766_0403_0178_0187_0162.jpg 1 403 178 187 162
0767_0316_0357_0062_0054.jpg 1 316 357 62 54
0768_0261_0081_0136_0118.jpg 1 261 81 136 118
0769_0172_0026_0268_0232.jpg 1 172 26 268 232
0770_0154_0182_0212_0183.jpg 1 154 182 212 183
0771_0192_0126_0028_0024.jpg 1 192 126 28 24
0772_0522_0069_0037_0032.jpg 1 522 69 37 32
0773_0292_0239_0052_0045.jpg 1 292 239 52 45
0774_0334_0318_0114_0098.jpg 1 334 318 114 98
0775_0094_0141_0098_0085.jpg 1 94 141 98 85
0776_0164_0056_0201_0174.jpg 1 164 56 201 174
0777_0312_0208_0272_0235.jpg 1 312 208 272 235
0778_0171_0089_0291_0252.jpg 1 171 89 291 252
0779_0183_0271_0163_0142.jpg 1 183 271 163 142
0780_0243_0149_0082_0071.jpg 1 243 149 82 71
0781_0399_0203_0060_0052.jpg 1 399 203 60 52
0782_0178_0118_0282_0245.jpg 1 178 118 282 245
0783_0260_0183_0197_0171.jpg 1 260 183 197 171
0784_0211_0149_0313_0271.jpg 1 211 149 313 271
0785_0224_0156_0286_0247.jpg 1 224 156 286 247
0786_0124_0147_0206_0178.jpg 1 124 147 206 178
0787_0210_0065_0049_0043.jpg 1 210 65 49 43
0788_0051_0169_0284_0246.jpg 1 51 169 284 246
0789_0157_0049_0157_0136.jpg 1 157 49 157 136
0790_0155_0174_0085_0074.jpg 1 155 174 85 74
0791_0093_0192_0120_0104.jpg 1 93 192 120 104
0792_0072_0043_0375_0325.jpg 1 72 43 375 325
0793_0215_0123_0240_0208.jpg 1 215 123 240 208
0794_0209_0094_0221_0191.jpg 1 209 94 221 191
0795_0286_0253_0135_0117.jpg 1 286 253 135 117
0796_0306_0285_0144_0125.jpg 1 306 285 144 125
0797_0165_0204_0246_0213.jpg 1 165 204 246 213
0798_0035_0068_0382_0331.jpg 1 35 68 382 331
0799_0181_0278_0125_0108.jpg 1 181 278 125 108
0800_0259_0042_0064_0055.jpg 1 259 42 64 55
0801_0305_0210_0248_0215.jpg 1 305 210 248 215
0802_0455_0169_0126_0109.jpg 1 455 169 126 109
0803_0078_0112_0363_0314.jpg 1 78 112 363 314
0804_0465_0072_0041_0036.jpg 1 465 72 41 36
0805_0154_0107_0324_0281.jpg 1 154 107 324 281
0806_0301_0146_0021_0018.jpg 1 301 146 21 18
0807_0323_0281_0044_0038.jpg 1 323 281 44 38
0808_0095_0300_0124_0107.jpg 1 95 300 124 107
0809_0401_0326_0028_0024.jpg 1 401 326 28 24
0810_0135_0135_0023_0020.jpg 1 135 135 23 20
0811_0379_0207_0216_0187.jpg 1 379 207 216 187
0812_0125_0070_0382_0331.jpg 1 125 70 382 331
0813_0277_0266_0077_0067.jpg 1 277 266 77 67
0814_0038_0176_0320_0278.jpg 1 38 176 320 278
0815_0416_0333_0038_0033.jpg 1 416 333 38 33
0816_0228_0127_0268_0232.jpg 1 228 127 268 232
0817_0052_0184_0176_0152.jpg 1 52 184 176 152
0818_0173_0115_0232_0201.jpg 1 173 115 232 201
0819_0319_0135_0281_0243.jpg 1 319 135 281 243
0820_0186_0135_0355_0308.jpg 1 186 135 355 308
0821_0030_0091_0368_0319.jpg 1 30 91 368 319
0822_0202_0155_0162_0140.jpg 1 202 155 162 140
0823_0171_0056_0379_0328.jpg 1 171 56 379 328
0824_0153_0044_0375_0325.jpg 1 153 44 375 325
0825_0376_0088_0068_0059.jpg 1 376 88 68 59
0826_0109_0070_0380_0330.jpg 1 109 70 380 330
0827_0229_0156_0319_0277.jpg 1 229 156 319 277
0828_0100_0058_0320_0277.jpg 1 100 58 320 277
0829_0220_0141_0109_0095.jpg 1 220 141 109 95
0830_0267_0173_0317_0275.jpg 1 267 173 317 275
0831_0125_0040_0182_0158.jpg 1 125 40 182 158
0832_0488_0062_0054_0047.jpg 1 488 62 54 47
0833_0443_0166_0145_0125.jpg 1 443 166 145 125
0834_0265_0128_0315_0273.jpg 1 265 128 315 273
0835_0293_0084_0115_0100.jpg 1 293 84 115 100
0836_0200_0302_0165_0143.jpg 1 200 302 165 143
0837_0079_0138_0239_0207.jpg 1 79 138 239 207
0838_0153_0207_0148_0128.jpg 1 153 207 148 128
0839_0160_0145_0267_0231.jpg 1 160 145 267 231
0840_0104_0147_0141_0123.jpg 1 104 147 141 123
0841_0078_0063_0267_0231.jpg 1 78 63 267 231
0842_0132_0092_0331_0287.jpg 1 132 92 331 287
0843_0254_0206_0184_0159.jpg 1 254 206 184 159
0844_0164_0187_0272_0236.jpg 1 164 187 272 236
0845_0472_0098_0081_0070.jpg 1 472 98 81 70
0846_0098_0250_0211_0183.jpg 1 98 250 211 183
0847_0333_0074_0156_0135.jpg 1 333 74 156 135
0848_0156_0224_0246_0213.jpg 1 156 224 246 213
0849_0240_0071_0290_0251.jpg 1 240 71 290 251
0850_0270_0159_0138_0120.jpg 1 270 159 138 120
0851_0419_0277_0107_0092.jpg 1 419 277 107 92
0852_0168_0100_0272_0236.jpg 1 168 100 272 236
0853_0111_0215_0225_0195.jpg 1 111 215 225 195
0854_0234_0181_0248_0215.jpg 1 234 181 248 215
0855_0406_0071_0047_0041.jpg 1 406 71 47 41
0856_0422_0333_0066_0057.jpg 1 422 333 66 57
0857_0264_0069_0051_0044.jpg 1 264 69 51 44
0858_0301_0201_0213_0185.jpg 1 301 201 213 185
0859_0084_0038_0265_0230.jpg 1 84 38 265 230
0860_0255_0128_0330_0286.jpg 1 255 128 330 286
0861_0328_0056_0031_0026.jpg 1 328 56 31 26
0862_0152_0079_0311_0269.jpg 1 152 79 311 269
0863_0292_0264_0063_0054.jpg 1 292 264 63 54
0864_0228_0038_0286_0248.jpg 1 228 38 286 248
0865_0301_0051_0299_0259.jpg 1 301 51 299 259
0866_0429_0218_0037_0032.jpg 1 429 218 37 32
0867_0144_0126_0200_0173.jpg 1 144 126 200 173
0868_0168_0074_0314_0272.jpg 1 168 74 314 272
0869_0257_0345_0021_0019.jpg 1 257 345 21 19
0870_0075_0172_0200_0173.jpg 1 75 172 200 173
0871_0337_0061_0078_0067.jpg 1 337 61 78 67
0872_0191_0099_0299_0259.jpg 1 191 99 299 259
0873_0184_0176_0239_0207.jpg 1 184 176 239 207
0874_0352_0262_0141_0122.jpg 1 352 262 141 122
0875_0139_0157_0236_0204.jpg 1 139 157 236 204
0876_0209_0138_0279_0242.jpg 1 209 138 279 242
0877_0252_0066_0022_0019.jpg 1 252 66 22 19
0878_0170_0020_0344_0298.jpg 1 170 20 344 298
0879_0248_0322_0074_0064.jpg 1 248 322 74 64
0880_0327_0098_0156_0135.jpg 1 327 98 156 135
0881_0074_0046_0126_0109.jpg 1 74 46 126 109
0882_0166_0179_0063_0054.jpg 1 166 179 63 54
0883_0149_0031_0214_0185.jpg 1 149 31 214 185
0884_0101_0172_0293_0254.jpg 1 101 172 293 254
0885_0331_0077_0205_0178.jpg 1 331 77 205 178
0886_0142_0105_0272_0236.jpg 1 142 105 272 236
0887_0323_0220_0132_0114.jpg 1 323 220 132 114
0888_0358_0249_0142_0123.jpg 1 358 249 142 123
0889_0157_0127_0139_0120.jpg 1 157 127 139 120
0890_0406_0392_0033_0028.jpg 1 406 392 33 28
0891_0339_0203_0157_0136.jpg 1 339 203 157 136
0892_0443_0054_0022_0019.jpg 1 443 54 22 19
0893_0233_0217_0239_0207.jpg 1 233 217 239 207
0894_0177_0170_0271_0235.jpg 1 177 170 271 235
0895_0472_0330_0094_0082.jpg 1 472 330 94 82
0896_0073_0043_0222_0193.jpg 1 73 43 222 193
0897_0115_0340_0115_0100.jpg 1 115 340 115 100
0898_0188_0080_0029_0025.jpg 1 188 80 29 25
0899_0298_0395_0020_0017.jpg 1 298 395 20 17
0900_0194_0128_0267_0231.jpg 1 194 128 267 231
0901_0054_0204_0159_0138.jpg 1 54 204 159 138
0902_0055_0053_0171_0148.jpg 1 55 53 171 148
0903_0183_0091_0350_0303.jpg 1 183 91 350 303
0904_0063_0189_0122_0106.jpg 1 63 189 122 106
0905_0436_0307_0045_0039.jpg 1 436 307 45 39
0906_0075_0169_0238_0206.jpg 1 75 169 238 206
0907_0147_0066_0230_0199.jpg 1 147 66 230 199
0908_0152_0141_0285_0247.jpg 1 152 141 285 247
0909_0164_0348_0093_0081.jpg 1 164 348 93 81
0910_0148_0149_0114_0099.jpg 1 148 149 114 99
0911_0050_0193_0299_0259.jpg 1 50 193 299 259
0912_0140_0221_0103_0089.jpg 1 140 221 103 89
0913_0170_0171_0320_0277.jpg 1 170 171 320 277
0914_0191_0097_0377_0327.jpg 1 191 97 377 327
0915_0241_0114_0319_0276.jpg 1 241 114 319 276
0916_0203_0142_0229_0199.jpg 1 203 142 229 199
0917_0158_0206_0181_0157.jpg 1 158 206 181 157
0918_0277_0157_0178_0154.jpg 1 277 157 178 154
0919_0425_0097_0069_0059.jpg 1 425 97 69 59
0920_0371_0038_0157_0136.jpg 1 371 38 157 136
0921_0257_0118_0319_0276.jpg 1 257 118 319 276
0922_0168_0035_0160_0138.jpg 1 168 35 160 138
0923_0251_0178_0090_0078.jpg 1 251 178 90 78
0924_0384_0128_0113_0098.jpg 1 384 128 113 98
0925_0264_0211_0062_0054.jpg 1 264 211 62 54
0926_0095_0044_0375_0325.jpg 1 95 44 375 325
0927_0353_0194_0100_0087.jpg 1 353 194 100 87
0928_0212_0285_0056_0048.jpg 1 212 285 56 48
0929_0274_0059_0200_0173.jpg 1 274 59 200 173
0930_0145_0126_0354_0307.jpg 1 145 126 354 307
0931_0519_0176_0028_0024.jpg 1 519 176 28 24
0932_0451_0155_0077_0067.jpg 1 451 155 77 67
0933_0046_0101_0237_0206.jpg 1 46 101 237 206
0934_0175_0161_0268_0232.jpg 1 175 161 268 232
0935_0238_0154_0304_0263.jpg 1 238 154 304 263
0936_0267_0075_0251_0217.jpg 1 267 75 251 217
0937_0440_0207_0078_0067.jpg 1 440 207 78 67
0938_0192_0269_0146_0126.jpg 1 192 269 146 126
0939_0283_0029_0247_0214.jpg 1 283 29 247 214
0940_0473_0148_0080_0069.jpg 1 473 148 80 69
0941_0368_0280_0094_0081.jpg 1 368 280 94 81
0942_0239_0270_0202_0175.jpg 1 239 270 202 175
0943_0310_0173_0042_0037.jpg 1 310 173 42 37
0944_0242_0021_0356_0308.jpg 1 242 21 356 308
0945_0054_0250_0221_0191.jpg 1 54 250 221 191
0946_0217_0098_0357_0309.jpg 1 217 98 357 309
0947_0217_0160_0339_0294.jpg 1 217 160 339 294
0948_0240_0166_0197_0171.jpg 1 240 166 197 171
0949_0380_0197_0115_0100.jpg 1 380 197 115 100
0950_0314_0198_0151_0131.jpg 1 314 198 151 131
0951_0263_0130_0304_0263.jpg 1 263 130 304 263
0952_0442_0212_0015_0013.jpg 1 442 212 15 13
0953_0516_0149_0037_0032.jpg 1 516 149 37 32
0954_0300_0121_0186_0161.jpg 1 300 121 186 161
0955_0036_0171_0291_0252.jpg 1 36 171 291 252
0956_0362_0156_0206_0178.jpg 1 362 156 206 178
0957_0522_0383_0052_0045.jpg 1 522 383 52 45
0958_0060_0117_0361_0312.jpg 1 60 117 361 312
0959_0099_0059_0364_0316.jpg 1 99 59 364 316
0960_0221_0137_0339_0294.jpg 1 221 137 339 294
0961_0195_0285_0075_0065.jpg 1 195 285 75 65
0962_0138_0195_0181_0157.jpg 1 138 195 181 157
0963_0444_0324_0035_0031.jpg 1 444 324 35 31
0964_0385_0237_0173_0150.jpg 1 385 237 173 150
0965_0257_0029_0294_0255.jpg 1 257 29 294 255
0966_0235_0231_0194_0168.jpg 1 235 231 194 168
0967_0107_0071_0273_0236.jpg 1 107 71 273 236
0968_0404_0301_0017_0015.jpg 1 404 301 17 15
0969_0260_0052_0269_0233.jpg 1 260 52 269 233
0970_0120_0113_0074_0064.jpg 1 120 113 74 64
0971_0371_0142_0158_0137.jpg 1 371 142 158 137
0972_0163_0355_0080_0070.jpg 1 163 355 80 70
0973_0125_0108_0355_0308.jpg 1 125 108 355 308
0974_0385_0084_0154_0134.jpg 1 385 84 154 134
0975_0371_0097_0156_0135.jpg 1 371 97 156 135
0976_0226_0214_0113_0098.jpg 1 226 214 113 98
0977_0194_0058_0334_0289.jpg 1 194 58 334 289
0978_0466_0081_0090_0078.jpg 1 466 81 90 78
0979_0097_0034_0327_0283.jpg 1 97 34 327 283
0980_0101_0088_0336_0291.jpg 1 101 88 336 291
0981_0485_0317_0043_0037.jpg 1 485 317 43 37
0982_0517_0298_0059_0051.jpg 1 517 298 59 51
0983_0510_0313_0057_0049.jpg 1 510 313 57 49
0984_0131_0255_0199_0172.jpg 1 131 255 199 172
0985_0245_0290_0166_0144.jpg 1 245 290 166 144
0986_0131_0262_0108_0094.jpg 1 131 262 108 94
0987_0346_0216_0157_0136.jpg 1 346 216 157 136
0988_0380_0054_0021_0018.jpg 1 380 54 21 18
0989_0264_0081_0166_0144.jpg 1 264 81 166 144
0990_0241_0042_0069_0060.jpg 1 241 42 69 60
0991_0411_0298_0066_0057.jpg 1 411 298 66 57
0992_0245_0116_0302_0262.jpg 1 245 116 302 262
0993_0074_0298_0079_0069.jpg 1 74 298 79 69
0994_0077_0041_0246_0213.jpg 1 77 41 246 213
0995_0082_0090_0174_0151.jpg 1 82 90 174 151
0996_0053_0165_0310_0269.jpg 1 53 165 310 269
0997_0056_0133_0375_0325.jpg 1 56 133 375 325
0998_0307_0155_0133_0115.jpg 1 307 155 133 115
0999_0244_0290_0028_0024.jpg 1 244 290 28 24
1000_0143_0170_0074_0064.jpg 1 143 170 74 64
